0.13709599847058448 -0.8376623705474403 0.029284856950030476 0.02847201635821512 -1.4361386299574133 1.0
-0.658143750759687 -0.44206095904927634 -0.6878365292058898 -0.6427362004611726 0.30883800669830536 1.0
-0.1895203271061339 2.0758256717802133 -0.2503966026708024 -0.2639017323241282 -1.5080157263286316 1.0
1.9349058601233067 0.9937394579764117 1.9330959119831501 2.0167841535549695 0.30883800669830536 0.0
1.5912486827773675 0.12341635268045179 1.5953362700257374 1.5674159405996164 0.7002479374326634 0.0
-1.4704243517591793 -0.8213729006622218 -1.3687105391517456 -1.1651978505871112 -0.12384788036803938 1.0
-1.010321353990236 0.21649903773884294 -0.8987303544280784 -0.90041189725709 -0.4006814495601572 1.0
0.8556519147393662 -0.6724406045687957 0.9898403265167189 0.7332406440185725 1.5826994176337605 0.0
-0.07307450668313027 0.3281982598089128 -0.09057862574461252 -0.199340602994467 -0.04129596770406516 1.0
-0.6354226150673935 0.43757041475252334 -0.6417035049385358 -0.6288000976543293 0.09747664410175212 1.0
1.1623872465853278 -0.13721516548304458 1.1669581875431665 1.0753861884396416 1.3122707382172953 0.0
-0.8654741139518652 -0.10696329283906757 -0.7689812236761461 -0.8341443063592436 1.796195743488865 0.0
-0.2434830243753313 -1.0540796133082004 -0.2977653329453177 -0.29348039950599947 -1.6233037422903875 1.0
-0.10715621022157026 1.0426078676320674 -0.14124257203822388 -0.18455126940353117 -1.1336855016626821 1.0
-1.5340435316976007 -0.8050834307770032 -1.4881621198440012 -1.2058685179621844 1.326503826607636 1.0
1.4037993133159463 1.284622848783885 1.4964797894528374 1.2773174740081863 -0.39498821420402136 0.0
-0.1667991914138409 -1.1471622983665921 -0.18572798829602988 -0.2519565013468342 0.10174657061885452 1.0
-0.7660691452980813 -0.9074743843412337 -0.7788668717334359 -0.7254995865181394 0.0021149518864726547 1.0
0.21946011535514862 0.7540515439510542 0.41729654319866666 0.0856384788924088 0.22130451309771296 0.0
-0.9393178049518189 1.1449988211962983 -0.9506300067288517 -0.8341443063592436 -1.0276489931546466 1.0
0.21093968947053826 0.2141719706123836 0.17097914577118858 0.0739776581764787 -0.03489107792841255 1.0
-0.6609838927212237 -0.47231283169325333 -0.6882484312082765 -0.6342038926202482 -0.3907182876869189 1.0
0.13425585650904787 0.9309086455619976 0.08242021525796447 0.02790319583548702 -0.6789383275913105 0.0
0.25922210281666186 -0.593320322269163 0.27848556839421845 0.09815253039243123 0.17575863024862393 1.0
1.080023129700764 1.2078296336107124 0.956888166325752 0.9784022893144673 -0.5558221130148664 0.0
-0.7973107068749847 1.8128670864902565 -0.8324141320437572 -0.7371604072340695 -1.9592046283024183 1.0
0.07745301727831437 1.7919234823521184 0.01157307084738542 -0.024997112778244453 -1.879499333316513 1.0
1.4975239980466564 -0.2582226560589534 1.4511705691902574 1.3939256811674867 0.5223343325534098 0.0
0.46087218208576675 0.22348023911822257 0.43789164331802105 0.3026435083132531 0.4369358022113676 0.0
-1.827998224716648 1.4312280777508521 -1.797088621634317 -1.3779367260874935 -0.6889014894645488 1.0
0.114374862778291 0.011717130610381925 0.09395347132480297 0.013682682767279653 -0.8881647269293125 1.0
-2.0296483039857525 -1.3635795411273521 -1.984504032720442 -1.454443086394449 1.468834710511039 1.0
-1.0472431994902132 -0.8911849144560151 -1.0441317612707204 -0.9251555899957709 0.6361990396761323 1.0
2.579618085392134 1.787269348099199 2.534472835468298 2.88707955332926 -0.09040012265073985 0.0
1.51172470785434 0.009390063483921775 1.4223374290231612 1.462184143894882 0.5081012441630691 0.0
-0.8058311327595951 -1.454335159059284 -0.8130547379315641 -0.7590599973591088 0.14088756369228994 1.0
-0.8512734041441816 0.7331079398129162 -0.843535486108209 -0.7863633824500671 -0.049835820738269976 1.0
0.12857557258597463 0.5213448313050756 0.2241145040791226 -0.028694446175978564 0.6433155838713017 0.0
0.3529467875473725 0.8075740878596294 0.3390351627451203 0.2085037118017206 -0.3103013382814969 0.0
-0.0986357843369604 -0.8143916992828426 -0.14824490607880444 -0.19621209011946128 -0.5828649809565133 1.0
-0.6070211954520268 1.3032393857955638 -0.5914514606473111 -0.6074693280520183 0.4725185231872183 1.0
0.3018242322397123 -1.4147750179094671 0.23400015213641306 0.16186042893800015 -1.1906178552240427 1.0
-0.41105140010599567 1.058897337517286 -0.3822052434346706 -0.4433646072449053 1.1272405891428714 0.0
-0.5871402017212699 -1.5241471728530773 -0.6231679148311167 -0.5867073789724355 -0.23130769771510834 1.0
-0.37696969656755513 -0.42577148916405777 -0.3673767713487355 -0.4169144529380395 -1.1329738472431652 1.0
0.16549741808595175 0.535307234063834 0.14750073163512428 0.005719195449083332 1.2339887520704236 0.0
0.7534068041240457 -0.11394449421844637 0.71386598491737 0.6581563350184373 -0.548705568819696 0.0
-0.7263071578365675 -0.05809488318341185 -0.731910043461308 -0.6973429706430889 -0.7757233286456244 1.0
-0.7689092872596179 0.25373211176219956 -0.5926871666544724 -0.7644637923250276 3.2835534802794237 0.0
2.1109946617385806 0.7214726041806171 2.060785532723147 2.3438559541237387 1.0418420588008301 0.0
-0.3599288447983354 -1.3891772795184096 -0.3768505174036386 -0.4268688120857847 1.2126391194849135 1.0
-0.46501409737519256 -0.5677225838781046 -0.5263709442701513 -0.4928519927222668 -0.8006312333287191 1.0
-1.5317714181283715 -0.5700496510045647 -1.5116405339800651 -1.1961985690758032 0.5365674209437504 1.0
-0.8768346817980122 -1.0145194721583841 -0.87731145030395 -0.8025747673478234 -1.1735381491556351 1.0
-0.760388861375008 0.39102907222332695 -0.7479742215544044 -0.7206646120749489 0.9849097052394693 1.0
1.551486695315854 -0.265203857438333 1.5953362700257374 1.5901687615087483 1.1130075007525315 0.0
0.114374862778291 -1.2355908491720637 0.07788929323170653 -0.030400907744163187 0.9635600726539583 1.0
-0.27188444399069805 -0.24891438755311443 -0.3167128250551235 -0.334435477142437 -1.544310101723999 1.0
-0.6780247444904439 -1.070369083193419 -0.6449987209576324 -0.6509840980407329 -1.0938328541697289 1.0
-1.0983657547978736 -1.0657149489404991 -1.0614316453709782 -0.9479084109049026 0.1750469758291072 1.0
0.5773180025087709 0.5236718984315348 0.586176364177373 0.4405824850748646 0.3159545508934757 0.0
-0.624062047221247 -1.9500004569952183 -0.652001054998213 -0.6034875843929203 -0.5437239878830779 1.0
-0.30596614752913803 -1.2681697889425008 -0.3813814394298966 -0.3534909646538346 -0.913784286031925 1.0
0.22514039927822188 -1.0145194721583841 0.1845719118499624 0.09104227385832754 -1.0945445085892467 1.0
-0.16111890749076715 -1.254207386183742 -0.13918306202628858 -0.2661770144150416 0.6219659512857917 1.0
-0.09011535845235001 1.037953733379148 -0.016848167317323543 -0.1623672690171278 2.55766597237207 0.0
-0.9449980888748922 -2.2292485121703924 -0.9555728307574969 -0.8455207168138096 -0.029909496991793405 1.0
1.7928987620464725 0.5795215094665702 1.7230258907657356 1.8148528679864246 -0.3458840592573476 0.0
0.159817134162878 -1.2355908491720637 0.2574785662724768 0.0034439133581702828 0.4796350673823887 1.0
-0.5530584981828299 0.2863110515326367 -0.6075156387404076 -0.5579819425746567 -1.1550351342481922 1.0
0.6028792801626011 0.051277271760198695 0.7344610850367244 0.4576471007567134 0.44405234640653796 0.0
-0.3258471412598949 0.014044197736842075 -0.30682717699783363 -0.40070306804028316 -0.04058431328454843 1.0
0.34442636166276264 -1.1704329696311897 0.4337726232941504 0.14081406959705334 0.7785299235795353 0.0
-0.47353452325980244 0.13970582256567038 -0.47529509597415204 -0.522146249642774 -0.8433304984997403 1.0
-1.4562236419514958 -1.1378540298607527 -1.4667432157198728 -1.1620693377121056 -1.8723827891213427 1.0
-1.1636890199132173 0.46316815314358084 -1.1854141480894917 -0.9885790782799757 -1.0810230746184226 1.0
0.43531090443193665 0.9099650414238595 0.7509371651322081 0.3373415601996792 1.0347255146056598 0.0
-1.010321353990236 -0.22564371628851623 -1.035893721222979 -0.8930172304616223 -1.0632317141304972 1.0
-0.5076162267982429 -1.6335193277966875 -0.5366684943298285 -0.5301097369609702 -0.4504972589263486 1.0
1.9803481315078937 0.2863110515326367 1.9001437517921826 2.0736662058277986 0.034139400764737725 0.0
-0.3570887028367988 0.058258473139577494 -0.3830290474394446 -0.41435476058576226 -0.3558472211305859 1.0
-0.6411028989904674 0.5236718984315348 -0.623579816833504 -0.633919482358884 -2.1513513215720126 1.0
-0.8711543978749384 -0.5048917714636905 -0.8534211341654989 -0.8202082035524005 1.6396317711951223 1.0
3.2953338596993786 -0.42577148916405777 3.3871099804095692 3.854074441967361 1.3193872824124657 0.0
-0.6865451703750538 -0.6096097921543807 -0.7104911393371796 -0.6578099443134723 0.6219659512857917 1.0
-0.07875479060620352 0.07222087589833674 -0.13547594400480464 -0.1771566026080633 -0.677515018752276 1.0
-1.361646914632324 0.6167545834899268 -1.3575891850872945 -1.1117287214506515 -0.2818351615008165 1.0
0.04053117177833724 0.7587056782039737 0.07418217521022259 -0.07135598538060066 0.5294508767485802 0.0
0.15697699220134137 0.19555543360070488 0.11413666944177006 0.08421642758558806 0.16437215953635118 0.0
-0.053193512952373394 -1.4240832864153066 -0.06833591761570952 -0.17260603842623687 2.023925157734309 1.0
0.8215702112009257 1.0914762772877231 0.8580316857528507 0.6951296689957764 1.6609814037806323 0.0
0.08313330120138762 -0.6398616647983586 0.08983445130093233 -0.03893321558508761 0.08182024687237795 1.0
0.037691029816800614 -0.2605497231854127 -0.03085283539848467 -0.06197044675558361 -2.177682535094142 1.0
-1.1494883101055338 -0.972632263882108 -1.1619357339534278 -0.9595692316208327 -0.2626204921738567 1.0
-0.714946589990421 -0.7608691553742674 -0.6800103911605352 -0.7016091245635511 0.8852780865070865 1.0
-1.336085636978494 1.9990324566070397 -1.3472916350276172 -1.0909667723710688 -1.0767531481013213 1.0
1.6139698184696607 0.6656229931455817 1.5665031298586418 1.720997481736256 0.13875260043373874 0.0
1.3895986035082628 1.23342737200177 1.2369815279489715 1.197682600826225 -0.4319942440189065 0.0
2.238801050007732 0.6074463149840871 2.2749745739644323 2.352388261964663 0.7073644816278338 0.0
0.7704476558932655 0.039641936127899596 0.6767948047025324 0.6408073090752245 -1.5592548445338563 1.0
-0.533177504452073 0.7331079398129162 -0.5679730465112468 -0.5357979421882532 -1.0276489931546466 1.0
-0.9449980888748922 0.6260628519957657 -0.9547490267527222 -0.8389792808024343 -0.5942514516687851 1.0
0.037691029816800614 0.08385621153063502 0.24141438817938032 -0.07107157511923645 -1.2802863120831873 1.0
-0.14691819768308403 1.3241829899337019 -0.16142577015519158 -0.20531321848311382 -0.1053448654605963 0.0
-0.8143515586442049 0.12574341980691112 -0.8513616241535636 -0.7587755870977446 -0.8006312333287191 1.0
2.9829182439303428 0.5376343011902941 3.0287552383328036 3.373421100261952 0.4725185231872183 0.0
-1.10120589675941 -0.7236360813509107 -1.0482507812945916 -0.9405137441094349 0.6931313932374931 1.0
-1.2466211651900885 -1.7033313415904807 -1.2657350385549737 -1.0420482074164354 -0.2747186173056462 1.0
1.713374787123445 0.08618327865709517 1.6118123501212211 1.7608149183272368 -1.1500535533115739 0.0
0.02065017804758036 0.28863811865909683 0.018163502885578685 -0.1037787551761134 -0.5017363771315736 1.0
1.2731527830852585 0.22348023911822257 1.2411005479728423 1.2488764478717715 -0.13950427759741355 0.0
-0.44513310364443565 -0.05111368180403222 -0.4139216976184762 -0.4809067617449727 -0.6234292828689831 1.0
0.17969812789363487 -1.0587337475611198 0.1194913954728026 0.039279606290052914 -0.5415890246245267 1.0
-1.0358826316440661 0.13272462118629075 -1.0400127412468498 -0.902118358825275 0.7571802909940243 1.0
-0.7916304229519114 0.4585140188906614 -0.802757187871887 -0.7348851251431563 -0.6241409372885 1.0
-0.15259848160615727 0.5934839122253286 -0.1980850483676424 -0.26703024519913393 -1.1955994361606619 1.0
1.074342845777691 0.402664407855626 1.3358380085218728 0.9644661865076242 1.895827362221247 0.0
-1.2454851084054734 -0.8423165048003598 -1.2550255864929096 -1.0380664637573374 -0.42630100866276965 1.0
-0.9847600763364059 -0.9633239953762687 -1.008296287063044 -0.8682735377229414 -0.6006563414444387 1.0
0.262062244778199 -0.05111368180403222 0.2179359740433166 0.13370381306294965 -0.2996265219887419 0.0
-1.5706813630014242 -0.16048583674764194 -1.5602449702617414 -1.2334563133145067 0.7856464677747046 1.0
0.17401784397056164 1.4265739434979328 0.11248906143222204 0.0389951960286887 -0.9685816763347346 1.0
0.2393411090859055 -0.5444519126135072 0.1750981657950592 0.08819817124468607 0.15583230650214736 1.0
-1.0330424896825297 -0.1581587696211826 -1.0342461132134304 -0.911788307711656 0.7429472026036845 1.0
-1.3411978925092602 0.5609049724548915 -1.3332869669464562 -1.091251182632433 0.5721501419196012 1.0
0.38986863304734964 0.41662681061438445 0.45024870338963413 0.4215269975634669 1.1130075007525315 0.0
0.19105869573978188 -0.3792301466348622 0.1610934977138981 0.05662863223326564 -0.32524608109135433 1.0
-0.31732671537528506 0.6819124630308003 -0.41021457959699226 -0.36543619563112895 -2.4089702214371718 1.0
-0.3854901224521655 0.740089141192295 -0.42215973766621806 -0.4226026581653225 -0.41349122911146347 0.0
-0.38833026441370216 -0.10463622571260742 -0.4159812076304115 -0.45019045351764475 0.028446165408601846 1.0
0.20809954750900161 0.9122921085503196 0.3472732027928622 0.046958683346884696 0.5721501419196012 0.0
-0.5928204856443436 2.0595362018949945 -0.62275601282873 -0.5830100455747017 -0.6291225182251191 1.0
-0.5757796338751234 -0.3652677438761038 -0.5725039685375053 -0.5935332252451752 0.465401978992049 1.0
-0.14691819768308403 1.2566980432663681 -0.1733709282244168 -0.23403865488089276 -0.26902538194951026 0.0
-0.9279572371056725 0.5097094956727765 -0.9662822828195607 -0.8372728192342493 -1.5692180064070946 1.0
-0.8427529782595717 0.49342002578755784 -0.8657781942371114 -0.7809595874841482 0.3871199928451772 1.0
-0.5445380722982196 -1.2099931107810062 -0.5432589263680218 -0.5485964039496398 -1.0874279643940763 1.0
1.508884565892804 -0.10929035996552688 1.4882417494050948 1.456495938667599 0.8923946307022569 0.0
-0.27188444399069805 0.586502710845949 -0.26975599678299544 -0.3509312723015574 0.05548903335024876 0.0
-0.7547085774519343 -0.7585420882478072 -0.7805144797429846 -0.7172516889385792 -0.398546486301607 1.0
-0.12703720395232715 -0.6887300744540142 -0.1733709282244168 -0.22579075730133255 -0.2555039479786863 1.0
-1.0273622057594562 0.884367303032802 -1.0346580152158178 -0.9120727179730201 0.36577036025966714 1.0
1.801419187931082 0.321217058429534 1.7600970709805726 1.8319174836682734 -0.3416141327402452 0.0
-0.2804048698753079 0.33750652831475175 -0.24668948464931845 -0.3355731181878935 -0.6839199085279296 1.0
0.23366082516283176 -0.12092569559782598 0.24182629018176763 0.09843694065379544 -1.0660783318085663 1.0
1.5401261274697073 0.9122921085503196 1.5211939095960625 1.4764046569630893 0.3301876392838164 0.0
1.1879485242391579 0.3002734542913951 1.187553287662521 1.1294241380988297 0.7429472026036845 0.0
-0.1895203271061339 -0.12557982985074545 -0.1865517923008039 -0.29518686107418446 0.792763011969875 1.0
-1.2417929238554757 2.073498604653753 -1.247611350449942 -1.035222361143696 -1.1756731124141864 1.0
-1.678038729147511 0.3281982598089128 -1.5940209344574827 -1.2826592885305041 -0.16441218228050927 1.0
1.4123197392005566 1.6290287834999335 1.5294319496438036 1.3569523471901475 1.7890791992936947 0.0
-0.1327174878754004 -0.9633239953762687 -0.15236392610267568 -0.21128583397176096 -0.9735632572713537 1.0
-0.20656117887535416 0.2863110515326367 -0.13712355201435325 -0.2792598864377921 1.0133758820201497 0.0
-0.9165966692595254 -1.4729516960709619 -0.9588680467765935 -0.819354972768308 -1.5094390351676659 1.0
1.849701601277206 -0.45136922755511527 1.7642160910044444 1.9343051777593665 -0.13523435108031115 0.0
-0.9876002182979425 1.3800326009687363 -0.9868773829389151 -0.8756682045184092 0.014924731437778881 1.0
1.5798881149312212 0.45618695176420127 1.5665031298586418 1.5588836327586921 0.9422104400684482 0.0
-0.2236020306445744 -0.798102229397624 -0.22568248252757736 -0.3836384523584343 0.814112644555386 1.0
0.8698526245470498 0.6470064561339038 0.8086034454664001 0.7776086447913791 0.06402888638445259 0.0
0.7420462362778981 0.535307234063834 0.7468181451083369 0.6103754111092606 -0.018523026279520655 0.0
0.580158144470308 -0.7492338197419682 0.5902953842012436 0.3800030994043013 0.17362366699007273 1.0
0.026330461970654116 1.9920512552276608 0.023930130918997934 -0.0881361908010853 -1.0055877061496197 1.0
-0.5019359428751696 0.5841756437194897 -0.502068726129313 -0.5369355832337097 -0.6148894298347783 1.0
1.4322007329313136 1.2822957816574256 1.6653596104315431 1.3313554236673741 0.07399204825769087 0.0
-0.5189767946443894 -0.06274901743633132 -0.5803301065828599 -0.5417705576769003 -0.9415388083930887 1.0
3.7185150119683446 0.6004651136047082 3.7125125622953687 4.536659069241315 0.9279773516781076 0.0
-1.0983657547978736 -1.6451546634289862 -1.0799672354783971 -0.9479084109049026 0.25617557965404597 1.0
-0.689385312336591 -0.04180541329819327 -0.726555317430276 -0.6717460471203156 -0.5849999442150645 1.0
-0.2349625984907209 0.5306530998109145 -0.2771702328259633 -0.3094073741423918 -0.750103769543012 1.0
-0.7717494292211545 -1.9709440611333564 -0.7673336156665974 -0.7155452273703943 -0.18718512370505377 1.0
-0.9591987986825758 -1.0052112036525447 -0.976579832879238 -0.8520621528251849 -1.3115991065419357 1.0
0.5403961570087943 -0.8795495788237164 0.5697002840818892 0.39337038168841637 -0.10320990220204608 0.0
-0.27472458595223465 0.2909651857855562 -0.32577466910763936 -0.3304537334833386 -1.6375368306807283 1.0
0.14561642435519487 -0.5677225838781046 0.09230586331525437 0.031600529233220806 -0.7081161587915076 1.0
-0.13555762983693703 -1.4264103535417663 -0.16842810419577214 -0.24456183455136635 0.007096532823091798 1.0
-0.6496233248750772 -0.13721516548304458 -0.5782705965709241 -0.6094601998815673 1.0347255146056598 0.0
-1.313080487090047 -1.593959186646871 -1.3028062187698115 -1.0835721055756011 0.42981925801619825 1.0
-0.5530584981828299 -0.3373429383585861 -0.5840372246043433 -0.5795971224383318 0.5792666861147705 1.0
0.09733401100907124 1.3265100570601611 0.15821018369718876 0.004297144142262595 -0.5686318925661726 1.0
-0.07875479060620352 -0.9563427939968894 -0.12270698193080541 -0.19194593619899908 -0.08541854171412071 1.0
0.9493765994700764 1.254370976139908 0.9939593465405896 0.9377316219393943 0.6077328628954509 0.0
1.7417762067388123 0.8704049002740436 1.6653596104315431 1.732373892190822 -0.39712317746257253 0.0
-0.25200345025994114 0.19555543360070488 -0.21003020643686762 -0.3185085025060446 -0.9621767865590819 1.0
2.545536381853694 0.12574341980691112 2.4768065551341056 2.9212087846929577 -0.20924641071008057 0.0
-0.1781597592599874 -1.5311283742324564 -0.25863464271854425 -0.2522409116081981 -1.60835899948053 1.0
-0.8257121264903514 0.13272462118629075 -0.8249998960007899 -0.7610508691886578 0.6433155838713017 1.0
-0.5019359428751696 -0.17444823950640118 -0.5337851803131186 -0.5352291216655249 -0.8248274835922982 1.0
-0.3684492706829453 -0.828354102041601 -0.37396720338692874 -0.4208961965971377 -0.4241660454042195 1.0
1.7190550710465182 0.058258473139577494 1.7230258907657356 1.6925564555998414 1.2055225752897432 0.0
-0.8115114166826684 -0.8818766459501762 -0.7656860076570494 -0.747683586904543 -0.9045327785782035 1.0
-0.11851677806771677 0.3584501324528898 -0.07286683964196745 -0.21896491102859308 1.6040490502192717 0.0
0.24502139300897877 1.3753784667158169 0.14708882963273756 0.12488709496066101 -0.1772219618318155 0.0
-0.8768346817980122 -0.572376718131025 -0.8670139002442727 -0.8011527160410027 0.8069961003602156 1.0
1.239071079546818 -0.41180908640529934 1.2081483877818753 1.1749297799170932 0.3444207276741561 0.0
-0.38833026441370216 -1.377541943886111 -0.3986813235301538 -0.4288596839153337 -0.5992330326054042 1.0
-0.6723444605673707 0.5376343011902941 -0.7104911393371796 -0.6455803030748141 -0.7109627764695756 1.0
0.23366082516283176 -0.4001737507730002 0.20104799194544556 0.0660141708582827 1.447485077925528 0.0
1.8752628789310362 2.753002205580011 1.8012872712192813 2.17320979730525 -0.11886629943142024 0.0
-0.35140841891372504 -1.2053389765280866 -0.28911539089518856 -0.4058224527448377 -0.6234292828689831 1.0
1.9973889832771135 0.8727319674005029 1.8630725715773446 2.130548258100628 -0.14804413063161737 0.0
0.12857557258597463 -1.310056997218777 0.09560107933435158 0.011122990415002067 0.13946425485325648 1.0
-0.7660691452980813 -0.46067749606095504 -0.7541527515902109 -0.7306189712226941 0.9137442632877679 1.0
0.08313330120138762 0.11178101704815269 0.10342721737970616 -0.03523588218735382 0.0825319012918947 0.0
0.31034465812432266 2.6366488492570217 0.4708438035089885 0.17636535226757175 0.6006163187002815 0.0
-0.6979057382212008 0.16995769520964737 -0.6903079412202124 -0.6788563036544193 0.37288690445483647 1.0
3.9712876465451097 -0.19073770939161977 3.9761298438231054 5.244840620038042 1.2695714730462742 0.0
-0.09295550041388664 -0.8143916992828426 -0.06339309358706428 -0.2013314748240158 0.30883800669830536 0.0
3.1504866196610073 1.3078935200484831 3.2758964397650563 3.4786528969666866 0.7073644816278338 0.0
-0.45081338756750944 -0.2838203944500109 -0.5168971982152482 -0.4635577358017598 -1.56565973430951 1.0
-0.42809225187521593 1.089149210161263 -0.4374001117545405 -0.4507592740403732 -1.233317120395064 1.0
-0.6325824731058569 -1.079677351699258 -0.5708563605279567 -0.6316442002679707 1.3407369149979758 1.0
1.804259329892619 0.505055361419857 1.6694786304554137 1.851826201963764 -0.9116493227733737 0.0
-0.1213569200292539 -0.38388428088778165 -0.1733709282244168 -0.23830480880135496 0.22343947635626416 1.0
0.04621145570141049 -0.5747037852574842 -0.06874781961809681 -0.06339249806240435 -2.2822957347631427 1.0
-0.3570887028367988 -0.7166548799715311 -0.3949742055086704 -0.4058224527448377 -0.1501790938901686 1.0
-1.564717064882197 -1.7452185498667574 -1.5499474202020642 -1.2240707746894897 0.0825319012918947 1.0
-0.6780247444904439 -1.2262825806662248 -0.73026243545176 -0.6472867646429988 -1.297366018151595 1.0
2.3126447410076856 0.08851034578355532 2.5056396953012023 2.429179032532983 2.57901560495758 0.0
-0.7433480096057878 1.079840941655424 -0.7187291793849214 -0.714976406847666 -0.2668904186909591 1.0
-1.0273622057594562 0.20951783635946414 -0.9609275567885288 -0.9120727179730201 1.1272405891428714 1.0
-0.37412955460601854 -1.449681024806364 -0.4398715237688625 -0.4154924016312188 -0.6383740256788406 1.0
0.24786153497051538 -0.8795495788237164 0.2257621120886712 0.08421642758558806 -0.900262852061101 1.0
-0.4706943812982658 -0.16048583674764194 -0.4481095638166044 -0.49199876193817454 0.23411429264901917 1.0
-0.04183294510622639 0.07687501015125622 -0.034971855422355314 -0.1575322945739372 0.6860148490423228 0.0
1.6111296765081244 0.5283260326844543 1.5541460697870286 1.6356744033270119 -0.18006857950988345 0.0
-0.6865451703750538 -0.8935119815824752 -0.6977221772631798 -0.6671954829384892 1.326503826607636 1.0
-0.6496233248750772 -0.08136555444800922 -0.6779508811485994 -0.6452958928134499 -0.5444356423025947 1.0
0.2705826706628089 1.5010400915446451 0.2484167222199609 0.17551212148347944 0.42981925801619825 0.0
0.42111019462425303 0.021025399116220873 0.33079712269737843 0.2949644312564213 -1.278151348824636 0.0
-0.47637466522133953 -0.8353353034209806 -0.3871480674633158 -0.5056504544836534 2.2374214835894137 0.0
2.596658937161354 0.6400252547545242 2.4768065551341056 2.932585195147524 -0.8518703515339441 0.0
-1.121086890490167 -0.4094820192788392 -1.1059170616287834 -0.9720832831208551 0.6931313932374931 1.0
0.6000391382010639 -0.12092569559782598 0.6932708847980156 0.4272152027907498 0.7287141142133439 0.0
-0.8115114166826684 -1.4729516960709619 -0.7747478517095653 -0.7638949718022993 1.9456431715874383 1.0
-0.6723444605673707 -0.2675309245647923 -0.698957883270341 -0.6364791747111612 0.2362492559075704 0.0
1.5344458435466342 -0.09067382295384899 1.5459080297392873 1.5987010693496728 1.326503826607636 0.0
-1.2517334207208541 -0.24891438755311443 -1.2867420406767154 -1.0431858484618919 -1.9115237821947781 1.0
-1.1239270324517037 -1.0261548077906828 -1.129395475764848 -0.975496206257225 1.2126391194849135 1.0
1.284513350931405 -0.39319254939362064 1.3070048683547766 1.197682600826225 0.9635600726539583 0.0
-0.01911180941393289 -0.49092936870493203 -0.09140242974938653 -0.13022890948297897 -1.1322621928236485 1.0
-0.3372077091060419 -0.7259631484773701 -0.36202204531770293 -0.4189053247675885 0.172912012570556 1.0
-0.5076162267982429 0.6819124630308003 -0.49918541211260364 -0.5414861474155361 0.3444207276741561 1.0
-0.8654741139518652 -1.0657149489404991 -0.8962589424137564 -0.8025747673478234 0.301721462503135 1.0
-0.03047237726007989 -0.8446435719268196 -0.0979928617875798 -0.13762357627844687 -1.1884828919654926 1.0
0.21093968947053826 -0.6096097921543807 0.2747784503727345 0.07852822235830512 1.4119023569496771 0.0
-0.5871402017212699 -0.09067382295384899 -0.6305821508740845 -0.5960929175974524 -0.889588035768346 1.0
-0.07591464864466689 -0.5491060468664267 -0.041562287460549165 -0.2161208084149516 0.44405234640653796 0.0
0.3785080652012031 0.04429607038081907 0.4008204631031835 0.2673766359040989 0.9137442632877679 0.0
-1.4908733738822433 -0.8842037130766359 -1.4510909396291631 -1.1771430815644055 -0.9557718967834283 1.0
-0.5899803436828065 -1.0843314859521775 -0.5737396745446661 -0.5847165071428865 0.4796350673823887 1.0
-0.9222769531825987 -0.8539518404326589 -0.8880209023660145 -0.8418233834160758 0.30883800669830536 1.0
-0.7177867319519576 -1.5008765015884795 -0.7261434154278886 -0.6890950730635286 -0.46473034731668933 1.0
-0.02195195137546951 1.829156556375475 -0.024262403360291406 -0.15497260222165993 0.20849473354640674 1.0
1.9292255762002335 1.3497807283247594 2.101975732961856 1.9684344091230643 0.9635600726539583 0.0
0.9777780190854436 -0.9865946666408664 0.9486501262780102 0.8538305948369709 0.1501390711460115 0.0
1.1879485242391579 -0.16513997100056224 1.0969348471373614 1.0981390093487733 -0.7458338430259096 0.0
-0.5843000597597333 -1.3612524740008924 -0.5823896165947953 -0.5963773278588166 0.9706766168491286 1.0
-0.11283649414464351 0.7726680809627321 0.06717984116964204 -0.21782726998313656 1.1912894868994035 0.0
1.2305506536622086 -0.17910237375932067 1.1999103477341335 1.1948384982125835 0.16935374047297033 0.0
0.5375560150472571 0.9192733099296985 0.44201066334189226 0.40645325371116686 -1.0176858312814092 0.0
-0.7064261641058107 -0.2233166491620569 -0.6919555492297604 -0.6893794833248927 1.2695714730462742 1.0
-0.28892529575991827 -0.8679142431914173 -0.19602553835570707 -0.35462860569929117 3.091406787009831 0.0
-0.07023436472159314 -0.7282902156038302 -0.14824490607880444 -0.1657801921534974 -1.8574380463114852 1.0
-0.6609838927212237 -0.6305533962925196 -0.5346089843178932 -0.633919482358884 0.9066277190925975 0.0
3.775317851199079 1.6243746492470141 3.9102255234411714 5.250528825265325 0.8568119097264061 0.0
-0.6354226150673935 -0.44904216042865597 -0.6495296429838904 -0.6236807129497747 1.8602446412453961 1.0
0.7278455264702155 0.21184490348592347 0.6232475443922105 0.5765305900069272 -1.522248814718972 0.0
-0.49057537502902265 -0.3745760123819427 -0.43245728772589526 -0.5321006087905192 0.6433155838713017 1.0
-0.004911099606249764 -1.49156823308264 -0.07986917368254802 -0.10918255014203214 -0.2327310065541418 1.0
-0.32016685733682165 1.3590889968305984 -0.3855004594537672 -0.3830696318357059 -0.9016861609001355 1.0
-1.2355446115400954 -0.5351436441076683 -1.2138353862542008 -1.037213232973245 0.5223343325534098 1.0
-0.17531961729845078 -0.09300089008030832 -0.15936626014325625 -0.2752781427786941 0.6788983048471524 1.0
1.7247353549695914 1.7546904083287618 1.7189068707418638 1.6470508137815778 0.1914150274779981 0.0
1.551486695315854 1.3288371241866213 1.4717656693096117 1.5247544013949943 0.48675161157755903 0.0
1.7644973424311052 0.5166906970521561 1.8095253112670238 1.732373892190822 1.468834710511039 0.0
-0.29744572164452815 -0.8330082362945205 -0.2611060547328669 -0.3836384523584343 0.792763011969875 1.0
2.874992849391949 0.21184490348592347 3.057588378499899 3.145892891170634 3.4401174525731673 0.0
0.2393411090859055 0.10945394992169337 0.14544122162318895 0.10042781248334459 -0.8646801310852513 1.0
-0.08727521649081339 1.2101567007371719 0.01486828686648205 -0.16777106398304656 1.4119023569496771 0.0
-0.12419706199079052 -0.7492338197419682 -0.17007571220532017 -0.21555198789222318 -0.9493670070077757 1.0
1.028900574393104 2.033938463503937 1.0433875868270401 0.9291993140984699 0.2568872340735637 0.0
1.2277105117006715 0.6097733821105472 1.162839167519296 1.1948384982125835 -0.1466208217925839 0.0
0.2762629545858821 -0.674767671695255 0.3134972385971207 0.05577540144917333 1.326503826607636 1.0
-0.5274972205289998 2.485389486037135 -0.5992775986926657 -0.5389264550632589 -1.3784946219765348 1.0
-0.5132965107213162 -1.6055945222791697 -0.5403756123513125 -0.5426237884609927 0.4582854347968786 1.0
2.602339221084427 1.717457334305406 2.756899916757326 2.9297410925338823 1.262454928851104 0.0
-0.533177504452073 -0.3140722670939879 -0.5642659284897634 -0.5534313783928303 -0.6988646513377861 1.0
0.3785080652012031 -1.7219478786021591 0.4337726232941504 0.23324740454040122 2.0879740554908413 0.0
1.8298206075464492 -0.35363240824380465 1.6859547105508974 1.9087082542365934 -0.8269624468508493 0.0
-0.5388577883751463 0.06291260739249697 -0.5531445744253117 -0.5514405065632813 -0.03560273234792929 1.0
-1.2327044695785583 0.15134115819796948 -1.2298995643472972 -1.0249835917345866 0.42981925801619825 1.0
-0.047513229029299636 -0.5211812413489091 -0.0222028933483555 -0.14928439699437698 0.9422104400684482 0.0
-0.7121064480288845 -0.2582226560589534 -0.6421154069409231 -0.6999026629953662 1.5044174314868888 1.0
-0.10147592629849703 -1.4008126151507088 -0.16101386815280427 -0.20531321848311382 -0.3117246471205304 1.0
0.46087218208576675 -0.016207674907135747 0.6232475443922105 0.2949644312564213 1.9883424367584583 0.0
-1.0983657547978736 -0.6305533962925196 -1.0758482154545266 -0.9501836929958158 -0.5401657157854922 1.0
-1.2951875927323657 -0.7864668937653249 -1.3081609448008438 -1.0673607206778446 -0.8340789910460187 1.0
1.0970639814699839 -2.073335014697587 1.2699336881399386 0.9843749048031144 1.5684663292434209 0.0
-0.47637466522133953 -0.6701135374423356 -0.37561481139647734 -0.5067880955291102 -0.08684185055315419 1.0
-0.3485682769521884 -0.7841398266388652 -0.3389555331840265 -0.4058224527448377 -0.6824965996888952 1.0
-0.26336401810608817 -0.4327526905434374 -0.32289135509093003 -0.32220583590377844 -1.7229353610227693 1.0
0.28194323850895536 -0.6072827250279214 0.2805450784061538 0.17551212148347944 -0.5408773702050089 0.0
-0.8967156755287685 -0.4862752344520126 -0.8336498380509185 -0.8059876904841932 -0.5131228478438463 1.0
2.057031964469384 -0.9749593310085677 2.0319523925560516 2.079354411055082 0.2661387415272843 0.0
-0.27188444399069805 -0.1465234339888835 -0.24668948464931845 -0.34211455419926873 1.3834361801689967 0.0
0.26490238673973565 0.12574341980691112 0.34315418276899096 0.1442269927334232 0.5365674209437504 0.0
0.13993614043212113 1.100784545793562 0.10713433540118951 0.02221499060820407 -0.47113523709234195 1.0
-0.5899803436828065 0.7982658193537896 -0.5444946323751831 -0.5889826610633487 -1.922198598487534 1.0
-1.2642300453516158 -1.4310644877946856 -1.1471072618674922 -1.087553849234699 2.0737409671005005 1.0
-0.5956606276058803 -0.316399334220448 -0.6540605650101483 -0.5941020457679034 -1.3898810926888074 1.0
-1.3801078373823124 -1.4938953002091002 -1.2554374884952966 -1.155243491439366 4.770911217069983 1.0
-1.2074272061208822 -0.46998576456679403 -1.196535502153943 -1.0224238993823094 0.8923946307022569 1.0
-1.4880332319207066 -1.0820044188257176 -1.3666510291398104 -1.168610773723481 0.10459318829692246 1.0
-0.8001508488365213 -0.05809488318341185 -0.8307665240342093 -0.7417109714158958 -1.0653666773890484 1.0
1.8355008914695223 0.4538598846377411 1.8877866917205708 1.8916436385547444 0.8639284539215765 0.0
0.14561642435519487 -0.9423803912381306 0.15656257568764015 -0.008501317619124035 1.1984060310945728 1.0
1.7048543612388345 2.085133940286052 1.615931370145092 1.7238415843498975 0.10245822503837126 0.0
1.0970639814699839 0.3188899913030738 1.0639826869463946 0.9579247504962488 0.5152177883582394 0.0
-0.30596614752913803 -0.16281290387410208 -0.2833487628617693 -0.40639127326756613 0.8425788213360664 1.0
0.2762629545858821 0.6353711205016047 0.2179359740433166 0.16470453155164164 -0.4127795746919467 0.0
0.10017415297060787 0.505055361419857 0.09395347132480297 -0.019024497289597292 -0.13665765991934561 0.0
-0.7859501390288381 -0.4001737507730002 -0.8023452858695003 -0.7254995865181394 -0.5536871497563152 1.0
1.1084245493161313 -0.5677225838781046 1.0516256268747821 0.9530897760530582 -0.49034990641930176 0.0
0.6085595640856742 0.33052532693537295 0.6150095043444692 0.4516744852680666 1.4617181663158687 0.0
-1.1267671744132401 0.06989380877187659 -1.12198123972188 -0.9760650267799533 0.28037182991762494 1.0
-1.3241570407400398 0.4003373407291667 -1.3122799648247148 -1.0963705673369877 0.5721501419196012 1.0
0.06041216550909412 -1.3542712726215127 0.022282522909449914 -0.03893321558508761 0.19212668189751483 1.0
-0.2775647279137713 -0.9191097199735327 -0.27428691880925343 -0.32988491296061057 -0.17935692509036572 1.0
0.8187300692393895 0.2258073062446827 0.7303420650128537 0.7093501820639838 -0.6148894298347783 0.0
-0.6183817632981738 -1.0075382707790044 -0.6071037367380203 -0.6489932262111838 1.3834361801689967 1.0
1.6366909541619545 0.2258073062446827 1.587098229977996 1.5901687615087483 0.5223343325534098 0.0
1.8326607495079852 0.6632959260191224 1.7600970709805726 1.8063205601455004 -0.38858332442836874 0.0
0.9351758896623937 1.4591528832683691 0.9280550261586558 0.8336374662801164 0.301721462503135 0.0
-0.3911704063752388 -0.602628590775002 -0.38961947947763786 -0.4581539408358409 1.1485902217283823 1.0
0.03485088785526399 0.565559106707811 0.06841554717680334 -0.06225485701694782 0.13305936507760285 0.0
-0.8455931202211083 -1.4450268905534445 -0.8690734102562081 -0.7764090233023219 0.08395521013092916 1.0
-0.48205494914441277 -0.5328165769812081 -0.5506731624109896 -0.5050816339609252 -1.4795495495479511 1.0
-0.31164643145221177 -0.20237304502391804 -0.3855004594537672 -0.37283086242659685 -0.46473034731668933 1.0
1.8383410334310595 2.3364571899437085 1.9825241522696002 1.7352179948044635 1.5257670640723997 0.0
0.9010941861239532 -0.5142000399695302 0.8662697258005926 0.7773242345300153 0.3159545508934757 0.0
1.7190550710465182 1.089149210161263 2.1308088731289514 1.678335942531634 2.294353837150774 0.0
1.6934937933926881 1.0635514717702055 1.7600970709805726 1.6840241477589168 0.8283457329457257 0.0
-0.35140841891372504 -0.8353353034209806 -0.32495086510286536 -0.39330840124481525 -1.2938077460540103 1.0
1.0857034136238373 0.16763062808318804 0.9156979660870432 0.9303369551439264 -0.8782015650560743 0.0
-0.07875479060620352 -0.48394816732555246 -0.14536159206209512 -0.18824860280126496 -0.6056379223810578 1.0
2.664822344238235 1.1589612239550569 2.6003771558502318 3.1060754545796536 0.7500637467988539 0.0
0.44951161423962027 -1.2472261848043629 0.413177523174796 0.3037811493587099 -0.12384788036803938 1.0
-0.35140841891372504 -1.4357186220476057 -0.4151574036256375 -0.3952992730743644 -1.9079655100971935 1.0
-1.2454851084054734 -0.03947834617173312 -1.2373138003902648 -1.0386352842800657 0.792763011969875 1.0
-0.13839777179847365 -0.6864030073275541 -0.19602553835570707 -0.23631393697180614 -1.3884577838497731 1.0
-0.20656117887535416 -0.5444519126135072 -0.26728458476867284 -0.29148952767645064 -1.209120870131486 1.0
-0.4138915420675323 -0.4630045631874144 -0.4415191317784111 -0.46924594102904277 0.4582854347968786 1.0
-0.8086712747211316 -1.3728878096331911 -0.7813382837477586 -0.7681611257227615 1.426135445340018 1.0
-0.40537111618292243 -1.656789999061285 -0.4567595058667336 -0.4547410176994712 -0.6056379223810578 1.0
0.8300906370855361 -0.04878661467757289 0.8827458058960763 0.6829000277571182 1.262454928851104 0.0
-1.0330424896825297 8.179497808282562e-05 -1.0115915030821407 -0.9066689230071012 0.2511939987174278 1.0
0.6170799899702847 -0.8353353034209806 0.5243910638193098 0.4690235112112793 -0.14875578505113413 1.0
0.08029315923985099 0.10247274854231374 0.16727202774970465 -0.011061009971401296 -0.6255642461275344 1.0
1.577047972969684 0.556250838201972 1.5623841098347713 1.5332867092359188 0.11455635017016075 0.0
-0.624062047221247 0.5213448313050756 -0.6359368769051166 -0.6151484051088502 0.09391837200416744 1.0
1.5344458435466342 3.0671562676520816 1.4841227293812242 1.6157656850315216 -0.865391785504768 0.0
-0.45081338756750944 -0.6910571415804736 -0.4415191317784111 -0.5079257365745666 1.3834361801689967 1.0
1.1141048332392045 -0.7306172827302904 1.162839167519296 0.9985954178713218 0.7215975700181735 0.0
0.5687975766241605 -0.32803466985274715 0.6191285243683399 0.433187818279397 0.5436839651389198 0.0
1.4975239980466564 0.9797770552176532 1.5294319496438036 1.4223667073039012 0.4511688906017083 0.0
-0.15259848160615727 -0.3373429383585861 -0.23598003258725456 -0.2348918856649854 -1.2012926715167989 1.0
0.1853784118167081 1.0821680087818841 0.22370260207673587 0.038141965244596066 1.4830677989013787 0.0
0.4551918981626935 -1.8638989733162064 0.4461296833657629 0.26254166146090857 0.5650335977244308 1.0
0.872692766508586 1.2171379021165514 0.9156979660870432 0.7807371576663849 0.7642968351891946 0.0
-0.4252521099136788 0.342160662567672 -0.404447951563573 -0.49626491585863675 0.21134135122447467 1.0
0.11721500473982761 1.919912174307407 0.1961051679168009 0.011122990415002067 1.2482218404607641 0.0
-0.7177867319519576 1.2101567007371719 -0.7306743374541466 -0.6760122010407779 -1.538616866367863 1.0
2.1535967911616316 -0.47463989881971347 2.0154763124605677 2.5344108292377174 -0.17935692509036572 0.0
0.6625222613548717 0.1909012993477854 0.71386598491737 0.5062812554499827 0.13875260043373874 0.0
1.0573019940084711 -1.4101208836565478 0.9321740461825264 0.9590623915417054 -1.2795746576636697 1.0
1.3327957642775292 0.6237357848693056 1.3070048683547766 1.294382089690035 0.3871199928451772 0.0
-0.8257121264903514 3.378983262597694 -0.8723686262753048 -0.7624729204954785 -1.3208506139956573 1.0
-0.4394528197213624 -0.20702717927683834 -0.5000092161173777 -0.47180563338132003 -0.8846064548317268 1.0
-0.7461881515673244 -0.19539184364453924 -0.7698050276809201 -0.7038844066544643 -0.20711144745152937 1.0
-0.5416979303366829 0.17461182946256684 -0.5148376882033128 -0.5739089172110489 0.9422104400684482 1.0
-0.4848950911059494 -0.9889217337673266 -0.5502612604086023 -0.5073569160518384 -1.216949068746173 1.0
-1.407089186016911 -1.2635156546895814 -1.3497630470419395 -1.1205454395529402 -1.3628382247471607 1.0
0.09165372708599749 0.21649903773884294 0.10383911938209288 -0.034667061664625395 0.16793043163393687 0.0
0.3245453679320058 -1.484587031703261 0.25541905626054145 0.20082463474488849 -1.0347655373498168 1.0
0.33306579381661616 1.3916679366010354 0.42965360327027974 0.22044894277901458 0.8425788213360664 0.0
-0.30596614752913803 0.0047359292310023005 -0.3855004594537672 -0.36316091354021557 -1.1215873765308926 1.0
-0.8029909907980579 -0.2558955889324932 -0.7430313975257591 -0.7550782537000108 -0.03133280583082688 1.0
-0.6354226150673935 -0.2186625149091366 -0.6033966187165369 -0.6333506618361557 -0.19430166790022313 1.0
-0.18384004318306066 0.35612306532643045 -0.14700920007164314 -0.27214962990368846 0.37288690445483647 0.0
-0.8171917006057415 -1.049425479055281 -0.848066408134467 -0.7533717921318259 -0.9465203893297077 1.0
-0.024792093337006643 -0.7701774238801063 -0.09016672374222522 -0.12425629399433182 -0.8383489175631211 1.0
0.9465364575085402 4.651888980771197 0.8827458058960763 0.75570905466634 0.12523116646291577 0.0
-0.07307450668313027 -0.7166548799715311 -0.1420663760429985 -0.1740280897330576 -0.6355274080007727 1.0
-1.266786173116999 -0.18608357513870027 -1.2554374884952966 -1.0403417458482505 -0.4910615608388185 1.0
-0.6212219052597104 -0.24426025330019496 -0.669712841100858 -0.6179925077224917 -0.9785448382079729 1.0
-0.7916304229519114 -0.1581587696211826 -0.7912239318050485 -0.7499588689954562 0.6077328628954509 1.0
-0.42809225187521593 -0.49791057008431167 -0.4674689579287975 -0.4607136331881183 -0.7493921151234942 1.0
-0.6922254542981275 1.1985213651048736 -0.6425273089433098 -0.7067285092681058 1.9385266273922679 1.0
